4294967278,28
4294967278,20
4294967278,19
4294967278,17
4294967279,80
4294967279,76
4294967279,73
4294967279,67
4294967279,28
4294967279,22
4294967279,21
4294967279,17
4294967279,11
4294967279,10
4294967279,339
4294967278,329
4294967279,240
4294967278,360
4294967294,477
4294967278,203
4294967279,337
4294967278,199
4294967279,198
4294967279,197
4294967278,241
4294967279,234
4294967279,539
4294967279,193
4294967279,78
4294967279,187
4294967279,68
4294967278,179
4294967294,12
4294967278,178
4294967278,177
4294967278,176
1895,4
1895,3
1895,2
1895,1
4294967294,120
4294967294,424
4294967294,427
4294967278,131
4294967278,130
4294967278,129
4294967278,128
4294967278,339
4294967278,231
4294967278,125
4294967278,123
4294967278,122
4294967278,121
4294967278,120
4294967278,119
4294967278,117
4294967278,215
4294967278,114
4294967278,112
4294967278,111
4294967278,110
4294967278,109
4294967278,108
4294967278,103
4294967278,101
4294967278,99
4294967278,98
4294967278,97
4294967278,96
4294967278,419
4294967278,92
4294967278,87
4294967278,85
4294967278,84
4294967278,81
4294967278,78
4294967278,76
4294967278,75
4294967278,73
4294967278,235
4294967278,279
4294967278,70
4294967278,68
4294967278,67
4294967278,66
4294967278,65
4294967278,64
4294967278,63
4294967278,62
4294967278,59
4294967278,338
4294967279,299
4294967279,348
4294967279,218
4294967279,100
4294967279,98
4294967279,224
4294967279,93
4294967279,89
4294967279,220
4294967279,81
4294967279,79
4294967279,77
4294967279,75
4294967279,74
4294967279,522
4294967279,356
4294967279,71
4294967279,70
4294967279,574
4294967279,66
4294967279,64
4294967279,137
4294967279,318
4294967279,36
4294967279,34
4294967279,30
4294967279,27
4294967279,26
4294967279,24
4294967279,23
4294967278,369
4294967279,514
4294967279,171
4294967278,169
4294967279,169
1894,4
4294967278,168
1894,3
1894,2
1894,1
4294967278,167
4294967278,367
4294967278,174
4294967279,54
4294967279,291
4294967279,164
1893,6
1893,5
1893,4
1893,3
1893,2
1893,1
4294967279,232
4294967279,45
4294967279,42
4294967278,307
4294967279,290
4294967279,32
4294967278,411
4294967294,1427
4294967294,417
4294967294,486
4294967279,29
4294967279,269
1891,8
1891,7
1891,6
1891,5
1891,4
1891,3
1891,2
1891,1
4294967294,115
4294967279,20
4294967279,333
4294967294,178
4294967294,167
4294967294,444
4294967294,465
4294967294,455
4294967294,175
4294967294,448
4294967279,344
4294967278,326
4294967279,9
4294967279,8
4294967278,305
4294967278,132
4294967279,326
1889,6
1889,5
1889,4
1889,3
1889,2
1889,1
4294967279,287
4294967278,118
4294967278,299
4294967278,349
4294967278,127
4294967294,170
4294967294,914
4294967278,126
4294967278,124
4294967278,271
4294967279,288
4294967279,247
4294967278,246
4294967278,107
4294967278,116
4294967279,228
4294967278,366
4294967294,485
4294967278,115
4294967278,435
4294967278,237
4294967278,113
1887,6
1887,5
1887,4
4294967278,226
1887,3
1887,2
1887,1
4294967278,333
4294967278,106
4294967294,389
4294967279,313
4294967278,105
4294967278,379
4294967279,301
4294967278,365
4294967278,104
4294967279,217
4294967278,102
4294967279,210
4294967278,95
4294967278,324
4294967279,95
4294967279,286
4294967278,94
4294967278,93
4294967278,364
4294967278,204
4294967279,92
4294967278,91
1885,6
1885,5
1885,4
4294967279,199
1885,3
1885,2
1885,1
4294967279,369
4294967279,320
4294967278,74
4294967278,83
4294967278,439
4294967279,83
4294967278,363
4294967278,82
4294967279,548
4294967278,80
4294967278,193
4294967278,187
4294967279,156
4294967279,63
4294967278,72
4294967279,72
4294967278,71
4294967279,69
1883,7
1883,6
1883,5
1883,4
1883,3
1883,2
1883,1
4294967279,62
4294967279,222
4294967279,52
4294967278,61
4294967278,325
4294967278,60
4294967278,348
4294967279,60
4294967279,58
4294967279,309
4294967279,49
4294967279,276
4294967294,37
4294967294,36
4294967294,39
4294967294,910
4294967294,961
4294967294,900
4294967294,162
4294967278,158
4294967294,1426
4294967279,152
4294967294,40
1880,4
1880,3
1880,2
1880,1
4294967278,334
4294967278,147
1878,4
1878,3
1878,2
1878,1
4294967278,142
4294967294,1425
4294967294,1424
4294967278,406
4294967294,484
4294967279,136
1876,5
1876,4
4294967279,134
1876,3
1876,2
1876,1
4294967294,946
4294967294,395
4294967294,385
4294967294,406
4294967294,449
4294967294,451
4294967294,111
4294967294,920
4294967279,19
1875,4
1875,3
1875,2
1875,1
4294967278,288
4294967294,1421
4294967294,1420
4294967279,279
1874,5
1874,4
1874,3
1874,2
1874,1
4294967294,483
4294967278,269
4294967279,264
1873,4
4294967278,268
1873,3
1873,2
1873,1
4294967294,1423
4294967278,267
4294967278,281
4294967279,275
4294967279,258
4294967279,257
4294967279,256
4294967278,394
4294967278,278
4294967278,258
4294967279,544
4294967279,537
4294967278,336
4294967279,512
4294967278,315
4294967279,536
4294967279,374
4294967278,313
4294967294,76
1868,4
4294967278,250
1868,3
1868,2
1868,1
4294967279,248
4294967278,248
4294967294,42
4294967278,319
4294967278,301
4294967278,100
4294967278,89
4294967278,86
4294967278,398
4294967278,77
4294967278,328
4294967278,308
4294967278,358
4294967279,341
4294967279,101
4294967279,99
4294967279,343
4294967279,96
4294967279,554
4294967279,90
4294967279,87
4294967279,86
4294967279,85
4294967279,278
4294967279,335
4294967279,308
4294967279,2
4294967279,7
4294967279,6
4294967279,268
4294967279,5
4294967279,4
4294967279,245
4294967278,242
4294967278,240
1867,4
4294967279,239
1867,3
1867,2
1867,1
4294967279,216
4294967278,238
4294967294,68
4294967294,11
4294967278,405
4294967279,284
4294967278,407
4294967279,531
4294967279,231
4294967294,482
4294967278,230
4294967279,229
4294967279,214
4294967278,228
4294967279,227
4294967278,224
4294967278,218
1866,6
4294967278,222
1866,5
1866,4
4294967278,220
1866,3
1866,2
1866,1
4294967278,427
4294967279,219
4294967278,316
4294967279,94
4294967279,383
4294967278,362
4294967279,102
4294967279,274
4294967278,331
4294967279,212
4294967279,382
4294967278,211
4294967278,266
4294967278,210
4294967278,209
4294967278,208
4294967279,208
4294967278,207
4294967279,292
4294967278,206
4294967278,361
4294967278,404
4294967279,381
4294967279,91
4294967279,289
4294967278,90
4294967278,402
4294967294,387
4294967279,226
4294967278,413
4294967278,198
4294967278,197
1864,8
1864,7
4294967278,196
1864,6
4294967279,196
1864,5
1864,4
1864,3
1864,2
1864,1
4294967279,380
4294967278,194
4294967279,553
4294967278,69
4294967278,79
4294967278,229
4294967279,328
4294967278,280
